#############################
# Actividad 1.2 - Datasets ##
#############################

#######
# 17 ##
#######

+--------------------------------+
| ID | IDClase | IDTipo | Tamaño |
|----|---------|--------|--------|
| 2  | 1       | 4      | 42129  |
| 4  | 2       | 4      | 42479  |
| 6  | 3       | 4      | 31123  |
| 8  | 4       | 4      | 52558  |
| 10 | 5       | 4      | 27233  |
| 11 | 6       | 4      | 7565   |
| 12 | 7       | 4      | 11748  |
| 13 | 8       | 4      | 12277  |
| 14 | 9       | 4      | 41865  |
| 16 | 10      | 4      | 55689  |
| 18 | 11      | 4      | 13564  |
| 20 | 12      | 4      | 45610  |
| 22 | 1       | 4      | 23281  |
| 24 | 2       | 4      | 27679  |
| 26 | 3       | 4      | 6054   |
| 28 | 4       | 4      | 33472  |
| 30 | 5       | 4      | 27925  |
| 33 | 18      | 4      | 21568  |
| 36 | 2       | 4      | 57116  |
| 37 | 3       | 4      | 22670  |
| 38 | 4       | 4      | 40725  |
| 40 | 18      | 4      | 50823  |
| 41 | 10      | 4      | 8836   |
| 42 | 26      | 4      | 23943  |
| 43 | 27      | 4      | 50476  |
| 45 | 28      | 4      | 54331  |
| 48 | 29      | 4      | 17761  |
| 51 | 30      | 4      | 56704  |
| 54 | 31      | 4      | 13237  |
| 56 | 32      | 4      | 15684  |
| 57 | 33      | 4      | 24366  |
| 58 | 34      | 4      | 7753   |
| 59 | 35      | 1      | 34     |
| 63 | 35      | 4      | 6799   |
| 65 | 37      | 4      | 18715  |
| 66 | 38      | 4      | 31962  |
| 71 | 39      | 4      | 27851  |
| 72 | 40      | 4      | 48400  |
| 73 | 41      | 4      | 46921  |
| 74 | 42      | 4      | 29492  |
| 76 | 44      | 1      | 143    |
| 77 | 45      | 1      | 123    |
| 78 | 43      | 4      | 59839  |
| 79 | 44      | 4      | 16470  |
| 80 | 45      | 4      | 44445  |
| 84 | 49      | 4      | 21649  |
| 85 | 50      | 4      | 18306  |
| 86 | 51      | 4      | 21680  |
+--------------------------------+

#######
# 19 ##
#######

+----+---------+--------------------------------------+------------+--------------------+------------+
| ID | IDNivel | Nombre                               | CostoCurso | CostoCertificacion | Estreno    |
|----|---------|--------------------------------------|------------|--------------------|------------|
| 1  | 5       | Lenguaje C                           | 14000      | 7000               | 2015-10-10 |
| 2  |         | Cocina italiana                      | 20000      | 8500               | 2019-09-09 |
| 3  | 3       | Bordado: Técnicas avanzadas          | 5000       | 1000               | 2018-07-03 |
| 4  | 5       | Python 101                           | 13000      | 4000               | 2017-07-07 |
| 5  | 5       | Javascript 101                       | 10000      | 5000               | 2017-07-07 |
| 6  | 2       | Introducción a la pesca con mosca    | 17000      | 7000               | 2020-09-21 |
| 7  | 4       | Preparación de mermeladas            | 10000      | 1000               | 2020-08-10 |
| 10 |         | Edad Media: Armas y técnicas bélicas | 50000      | 35000              | 2020-08-20 |
| 11 |         | Historia del Rock Argentino          | 20000      | 2000               | 2020-08-20 |
| 12 | 5       | Ajedrez                              | 7000       | 700                | 2008-04-11 |
| 13 | 5       | Go                                   | 7000       | 700                | 2008-04-11 |
| 14 | 5       | Damas                                | 7000       | 700                | 2008-04-11 |
| 15 |         | Internet para dummies                | 5000       | 50                 | 2010-08-19 |
+----+---------+--------------------------------------+------------+--------------------+------------+

#######
# 20 ##
#######

+------------+
| CostoCurso |
|------------|
| 50000      |
| 20000      |
| 17000      |
| 14000      |
| 13000      |
| 10000      |
| 7000       |
| 5000       |
| 0          |
+------------+